# Created by Octave 4.2.1, Tue Jun 12 20:50:24 2018 CST <beef@OAO>
# name: X
# type: matrix
# rows: 7
# columns: 2
 1 0.001705611
 1 0.001691189
 1 0.001677008
 1 0.001663063
 1 0.001649349
 1 0.001635858
 1 0.001622586


# name: y
# type: matrix
# rows: 7
# columns: 1
 10.10770301
 10.27726232
 10.45728766
 10.64216024
 10.83818786
 11.03265181
 11.21712622
